parameters PADDING 296, 
0 0 10.021025000
5 0 10.135172000
1 0 10.435083000
2 0 10.625608000
6 0 10.866260000
7 0 11.040766000
3 0 11.341345000
4 0 11.553203000
8 0 11.795293000
9 0 12.014721000
10 0 12.104300000
11 0 12.395396000
12 0 12.529893000
13 0 12.649694000
14 0 12.878193000
15 0 13.043127000
17 0 13.686935000
18 0 13.676844000
19 0 13.666751000
20 0 13.656641000
21 0 13.708774000
22 0 13.785616000
23 0 14.000409000
24 0 14.023546000
25 0 14.280088000
26 0 14.451702000
27 0 14.566336000
28 0 14.642818000
29 0 14.845983000
30 0 14.952782000
31 0 15.212919000
32 0 15.429569000
33 0 15.651930000
34 0 15.880304000
35 0 16.166380000
108 0 15.590007000
158 0 15.266914000
161 0 15.377872000
181 0 15.299867000
244 0 15.365708000
245 0 15.429261000
246 0 15.704446000
247 0 15.991164000
248 0 16.100943000
305 0 15.795546000
306 0 15.997825000
307 0 16.160489000
316 0 16.475697000
317 0 16.493894000
395 0 15.905647000
396 0 16.061627000
452 0 15.652896000
453 0 15.789254000
454 0 15.906299000
551 0 15.140034000
552 0 15.236115000
553 0 15.374640000
554 0 15.584339000
555 0 15.680175000
644 0 14.874960000
645 0 15.064553000
646 0 15.166981000
647 0 15.244072000
648 0 15.461071000
698 0 15.084584000
699 0 15.223710000
700 0 15.345330000
729 0 15.150247000
730 0 15.294026000
797 0 14.719311000
798 0 14.834407000
799 0 14.939186000
820 0 14.846650000
821 0 15.224588000
822 0 15.268483000
823 0 15.312080000
824 0 15.428632000
830 0 15.507597000
894 0 15.023490000
895 0 15.200007000
896 0 15.416692000
897 0 15.492932000
971 0 14.887613000
1042 0 14.263814000
1043 0 14.395117000
1044 0 14.483440000
1087 0 14.168056000
1088 0 14.372810000
1141 0 13.923649000
1142 0 14.040201000
1184 0 13.826576000
1185 0 14.050531000
1186 0 14.139629000
1197 0 14.135024000
1198 0 14.191184000
1199 0 14.286896000
1263 0 13.690136000
1322 0 13.302978000
1323 0 13.413506000
1324 0 13.491063000
1325 0 13.639077000
1326 0 13.763045000
1386 0 13.297423000
1387 0 13.513048000
1388 0 13.661129000
1403 0 13.752508000
1478 0 13.116441000
1479 0 13.528333000
1480 0 13.604824000
1481 0 13.774477000
1482 0 13.891171000
1534 0 13.515406000
1535 0 13.590796000
1536 0 13.815294000
1597 0 13.448066000
1598 0 13.618085000
1621 0 13.517160000
1622 0 13.733662000
1623 0 13.836758000
1682 0 13.396122000
1683 0 13.519709000
1684 0 13.595771000
1685 0 13.606034000
1686 0 13.649530000
1758 0 13.149373000
1766 0 13.375940000
1767 0 13.485752000
1768 0 13.622356000
1769 0 13.680346000
1770 0 13.788660000
1780 0 13.867025000
1781 0 14.090848000
1816 0 13.921808000
1817 0 14.024693000
1818 0 14.207254000
1878 0 13.724042000
1879 0 13.848046000
1911 0 13.694901000
1912 0 13.808627000
1913 0 13.977156000
1976 0 13.613683000
1977 0 13.616874000
1978 0 13.720641000
1990 0 13.678192000
2053 0 13.085191000
2054 0 13.150965000
2055 0 13.163424000
2056 0 13.207143000
2057 0 13.243772000
2065 0 13.202215000
2066 0 13.231915000
2067 0 13.276050000
2068 0 13.312561000
2069 0 13.414805000
2124 0 12.922245000
2125 0 13.031427000
2126 0 13.074303000
2127 0 13.103914000
2135 0 13.303187000
2196 0 12.754991000
2257 0 12.294712000
2258 0 12.524030000
2259 0 12.621025000
2260 0 12.670873000
2261 0 12.807391000
2321 0 12.300638000
2322 0 12.521053000
2323 0 12.659516000
2324 0 12.834041000
2326 0 12.934608000
2405 0 12.257678000
2406 0 12.654197000
2407 0 12.823946000
2408 0 13.020518000
2468 0 12.616724000
2469 0 12.786133000
2470 0 12.964710000
2471 0 13.098661000
2472 0 13.296022000
2544 0 12.679572000
2545 0 12.792733000
2546 0 12.991624000
2547 0 13.108512000
2548 0 13.178044000
2596 0 12.736461000
2597 0 12.839833000
2598 0 12.949706000
2599 0 13.112645000
2600 0 13.195904000
2658 0 12.638131000
2659 0 12.641474000
2660 0 12.764255000
2661 0 13.034068000
2662 0 13.125668000
2714 0 12.755360000
2715 0 12.811825000
2716 0 12.855380000
2759 0 12.658330000
2812 0 12.199020000
2813 0 12.263970000
2814 0 12.320513000
2815 0 12.369024000
2833 0 12.260714000
2910 0 11.571541000
2911 0 11.787130000
2912 0 11.851323000
2913 0 12.099164000
2926 0 12.041502000
2986 0 11.531867000
2987 0 11.650100000
2988 0 11.704976000
2989 0 11.775994000
2990 0 11.851197000
2991 0 11.946597000
2992 0 12.028643000
2993 0 12.088129000
2994 0 12.177776000
3058 0 11.600509000
3059 0 11.717459000
3060 0 11.840361000
3061 0 11.915869000
3062 0 12.019818000
3127 0 11.452612000
3128 0 11.534312000
3129 0 11.758866000
3130 0 11.908685000
3131 0 12.069520000
3200 0 11.381645000
3201 0 11.477142000
3202 0 11.587776000
3203 0 11.650296000
3255 0 11.242507000
3256 0 11.285844000
3257 0 11.362174000
3258 0 11.425388000
3283 0 11.337492000
3315 0 11.126002000
3316 0 11.268648000
3317 0 11.352126000
3318 0 11.528610000
3319 0 11.651756000
3336 0 11.585515000
3337 0 11.710983000
3338 0 11.853539000
3339 0 11.915466000
3340 0 11.978525000
3374 0 11.726244000
3375 0 11.911275000
3376 0 12.098420000
3377 0 12.275808000
3378 0 12.398313000
3425 0 12.033546000
3426 0 12.130791000
3427 0 12.273934000
3428 0 12.363648000
3429 0 12.546959000
3494 0 12.011704000
3495 0 12.136476000
3496 0 12.232066000
3497 0 12.361019000
3550 0 12.009922000
3551 0 12.105478000
3552 0 12.276186000
3553 0 12.366135000
3570 0 12.306606000
3648 0 11.640356000
3649 0 11.809801000
3650 0 12.074542000
3677 0 11.866235000
3678 0 11.989385000
3747 0 11.398127000
3748 0 11.538329000
3749 0 11.560340000
3750 0 11.595078000
3757 0 11.597167000
3815 0 11.099638000
3816 0 11.399541000
3817 0 11.509316000
3818 0 11.592670000
3819 0 11.708739000
3868 0 11.316830000
3869 0 11.373170000
3870 0 11.424200000
3871 0 11.432909000
3872 0 11.442618000
3923 0 11.111454000
3924 0 11.180556000
3925 0 11.283739000
3926 0 11.448208000
3980 0 10.984468000
3981 0 11.107548000
3982 0 11.265393000
3983 0 11.355102000
3984 0 11.464851000
4016 0 11.252505000
4017 0 11.389199000
4018 0 11.485386000
4019 0 11.647135000
4020 0 11.705279000
4086 0 11.249138000
4087 0 11.391806000
4088 0 11.575160000
4089 0 11.776890000
4090 0 11.893872000
4129 0 11.551522000
4130 0 11.621330000
4131 0 11.744841000
4132 0 11.854201000
4133 0 12.277947000
4169 0 11.986814000
4170 0 12.089943000
4171 0 12.186299000
4172 0 12.236197000
4173 0 12.292694000
4222 0 12.014450000
4223 0 12.049063000
4224 0 12.125853000
4225 0 12.185095000
4288 0 11.797877000
4290 0 11.908761000
4291 0 11.983381000
4292 0 12.077232000
4293 0 12.120468000
4334 0 11.752891000
4335 0 11.813862000
4336 0 11.828388000
4337 0 11.851183000
4338 0 11.894341000
4386 0 11.475904000
4387 0 11.519029000
4388 0 11.575589000
4389 0 11.610273000
4390 0 11.675008000
4451 0 11.119482000
4452 0 11.160082000
4453 0 11.218861000
4454 0 11.335678000
4455 0 11.420678000
4498 0 11.067887000
4499 0 11.099387000
4500 0 11.254209000
4501 0 11.273657000
4579 0 10.516814000
4580 0 10.575079000
4581 0 10.629744000
4582 0 10.761317000
4583 0 10.831151000
4632 0 10.431053000
4633 0 10.482664000
4634 0 10.559636000
4635 0 10.620713000
4645 0 10.654391000
4710 0 10.199659000
4711 0 10.362843000
4712 0 10.423935000
4713 0 10.523371000
4714 0 10.597516000
4771 0 10.096172000
4772 0 10.162104000
4773 0 10.338788000
4774 0 10.386587000
4775 0 10.421140000
4829 0 10.028802000
4830 0 10.324115000
4831 0 10.413534000
4849 0 10.263626000
4850 0 10.359906000
4879 0 10.151597000
4880 0 10.229791000
4881 0 10.333102000
4882 0 10.414190000
4883 0 10.506118000
4950 0 10.202195000
4951 0 10.312130000
4952 0 10.415346000
4953 0 10.531687000
4983 0 10.339688000
4984 0 10.442844000
4985 0 10.566024000
4986 0 10.709586000
4987 0 10.846507000
5036 0 10.447092000
5037 0 10.597794000
5038 0 10.730675000
5039 0 10.825005000
5040 0 10.966793000
5102 0 10.450394000
5103 0 10.549736000
5104 0 10.697062000
5105 0 10.813220000
5106 0 10.903100000
5169 0 10.488725000
5170 0 10.644770000
5171 0 10.875190000
5172 0 10.989183000
5173 0 11.099878000
5222 0 10.747741000
5223 0 10.846262000
5235 0 10.808732000
5236 0 11.160616000
5316 0 10.393441000
5317 0 10.564664000
5318 0 10.746343000
5319 0 10.885571000
5320 0 11.037467000
5369 0 10.722015000
5370 0 10.757250000
5371 0 11.054227000
5372 0 11.237801000
5373 0 11.380599000
5426 0 11.020526000
5427 0 11.150355000
5428 0 11.306885000
5429 0 11.416602000
5430 0 11.623213000
5460 0 11.528758000
5461 0 11.678733000
5462 0 11.894535000
5463 0 12.097699000
5464 0 12.280744000
5484 0 12.778667000
5485 0 13.233478000
5486 0 13.336940000
5487 0 13.766947000
5512 0 14.060419000
5513 0 14.349126000
5514 0 14.778793000
5515 0 14.983638000
5516 0 15.071609000
5554 0 14.806394000
5555 0 15.094488000
5556 0 15.224472000
5557 0 15.434347000
5558 0 15.531592000
5587 0 15.364716000
5588 0 15.566875000
5589 0 15.773581000
5590 0 15.959835000
5591 0 16.135347000
5631 0 15.909849000
5632 0 16.046510000
5633 0 16.189582000
5634 0 16.339372000
5635 0 16.422541000
5689 0 15.980130000
5690 0 16.136179000
5691 0 16.292619000
5692 0 16.402530000
5693 0 16.546275000
5732 0 16.349287000
5733 0 16.419912000
5734 0 16.516459000
5735 0 16.625353000
5803 0 16.040439000
5804 0 16.150010000
5805 0 16.241939000
5806 0 16.289681000
5807 0 16.407302000
5845 0 16.192743000
5910 0 15.624832000
5911 0 15.781112000
5912 0 15.877619000
5913 0 16.047734000
5976 0 15.498421000
6042 0 14.941325000
6043 0 15.051769000
6044 0 15.168937000
6155 0 14.158044000
6156 0 14.355510000
6157 0 14.525202000
6249 0 13.707991000
6250 0 13.718063000
6251 0 13.721277000
6252 0 13.818448000
6303 0 13.438865000
6304 0 13.507870000
6305 0 13.572573000
6306 0 13.641760000
6323 0 13.530008000
6393 0 12.890010000
6394 0 12.929296000
6395 0 12.971437000
6396 0 13.067088000
6450 0 12.572058000
6451 0 12.689280000
6487 0 12.389000000
6488 0 12.425929000
6489 0 12.449125000
6548 0 11.909135000
6549 0 11.964957000
6550 0 12.002166000
6569 0 11.874794000
6635 0 11.296873000
6636 0 11.340153000
6637 0 11.396648000
6638 0 11.432843000
6647 0 11.407849000
6648 0 11.477648000
6649 0 11.513494000
6650 0 11.568556000
6698 0 11.148257000
6717 0 11.001479000
6765 0 10.560049000
6766 0 10.577340000
6767 0 10.619432000
6768 0 10.762629000
6794 0 10.665833000
6795 0 10.750801000
6796 0 10.766962000
6832 0 10.480608000
6833 0 10.523913000
6891 0 9.986828000
6892 0 10.035661000
6893 0 10.098688000
6894 0 10.156262000
6895 0 10.171926000
6896 0 10.202575000
6941 0 9.797951000
6942 0 9.841536000
6962 0 9.756564000
6994 0 9.505882000
6995 0 9.552715000
6996 0 9.598194000
6997 0 9.641332000
7036 0 9.276458000
7082 0 8.876703000
7083 0 8.946686000
7084 0 9.009587000
7085 0 9.084824000
7086 0 9.209922000
7138 0 8.739184000
7139 0 8.777047000
7140 0 8.833676000
7169 0 8.643799000
7186 0 8.545560000
7231 0 8.188542000
7232 0 8.337963000
7233 0 8.366357000
7234 0 8.408752000
7235 0 8.467383000
7286 0 8.021256000
7287 0 8.067243000
7288 0 8.114645000
7307 0 8.603692000
7359 0 8.074516000
7360 0 8.064449000
7361 0 8.054326000
7362 0 8.047619000
7363 0 8.037560000
7412 0 7.539069000
7413 0 7.528940000
7414 0 7.520958000
7415 0 7.521898000
7416 0 7.565421000
7473 0 7.025700000
7474 0 7.047405000
7475 0 7.077650000
7476 0 7.094989000
7477 0 7.138301000
7531 0 6.614506000
7532 0 6.670696000
7533 0 6.833639000
7534 0 6.857297000
7579 0 6.573436000
7580 0 6.636739000
7581 0 6.706845000
7582 0 6.786898000
7583 0 6.826421000
7621 0 6.492272000
7622 0 6.562402000
7623 0 6.626556000
7624 0 6.729595000
7625 0 6.911483000
7654 0 6.691181000
7655 0 6.794276000
7656 0 6.874488000
7657 0 7.098590000
7658 0 7.101591000
7685 0 6.886992000
7686 0 6.944133000
7687 0 7.026416000
7688 0 7.050507000
7689 0 7.073465000
7716 0 6.845184000
7717 0 6.861244000
7718 0 6.871211000
7719 0 6.894261000
7720 0 6.917983000
7746 0 6.696593000
7747 0 6.736619000
7748 0 6.765587000
7749 0 6.855439000
7771 0 6.711735000
7772 0 6.841627000
7773 0 6.918214000
7774 0 6.934913000
7775 0 6.937817000
7819 0 6.517062000
7820 0 6.520133000
7821 0 6.529533000
7822 0 6.546153000
7823 0 6.602579000
7845 0 6.718673000
7846 0 6.775196000
7847 0 6.811917000
7848 0 6.968264000
7849 0 7.031565000
7871 0 6.907496000
7872 0 6.957395000
7873 0 7.013891000
7874 0 7.170571000
7875 0 7.393626000
7903 0 7.289702000
7904 0 7.539221000
7905 0 7.662395000
7906 0 7.834917000
7933 0 7.638332000
7934 0 7.688143000
7935 0 7.838666000
7936 0 7.948471000
7937 0 8.090841000
7968 0 7.908627000
7969 0 7.992221000
7970 0 8.055426000
7971 0 8.165262000
7972 0 8.249280000
8019 0 7.851315000
8020 0 7.908664000
8021 0 7.958532000
8022 0 8.008403000
8023 0 8.050739000
8046 0 7.883197000
8047 0 7.980922000
8048 0 8.177957000
8049 0 8.188158000
8050 0 8.198111000
8070 0 8.202025000
8071 0 8.212740000
8072 0 8.240364000
8073 0 8.357706000
8074 0 8.466963000
8104 0 8.209309000
8105 0 8.298029000
8106 0 8.341311000
8107 0 8.384590000
8108 0 8.427278000
8133 0 8.207864000
8134 0 8.224149000
8135 0 8.279544000
8136 0 8.429177000
8153 0 8.382659000
8154 0 8.452494000
8155 0 8.523770000
8156 0 8.593754000
8157 0 8.741952000
8201 0 8.360895000
8202 0 8.425384000
8203 0 8.461312000
8204 0 8.543690000
8205 0 8.621422000
8230 0 8.474084000
8231 0 8.528929000
8232 0 8.673833000
8233 0 8.743388000
8234 0 8.813581000
8287 0 8.365609000
8288 0 8.450201000
8289 0 8.493695000
8290 0 8.561937000
8291 0 8.632286000
8332 0 8.269147000
8333 0 8.338990000
8334 0 8.396620000
8335 0 8.465178000
8357 0 8.286231000
8358 0 8.369461000
8359 0 8.564335000
8360 0 8.610881000
8361 0 8.685868000
8374 0 8.615039000
8375 0 8.678064000
8376 0 8.733793000
8377 0 8.798317000
8378 0 8.868003000
8413 0 8.570945000
8414 0 8.611994000
8415 0 8.675358000
8416 0 8.840278000
8417 0 8.949901000
8429 0 8.942373000
8430 0 8.984495000
8431 0 9.013463000
8432 0 9.184989000
8433 0 9.387091000
8478 0 8.943849000
8479 0 8.972083000
8480 0 8.990681000
8481 0 9.019835000
8482 0 9.162267000
8521 0 8.765712000
8522 0 8.834760000
8523 0 8.837892000
8524 0 8.848183000
8597 0 8.131053000
8598 0 8.135427000
8599 0 8.145321000
8600 0 8.148412000
8601 0 8.618235000
8658 0 8.378393000
8659 0 8.434464000
8660 0 8.445430000
8661 0 8.495454000
8662 0 8.584176000
8711 0 8.165498000
8712 0 8.215079000
8713 0 8.271631000
8714 0 8.349613000
8722 0 8.367054000
8763 0 8.037451000
8764 0 8.106622000
8765 0 8.135867000
8766 0 8.192120000
8767 0 8.436637000
8794 0 8.560434000
8795 0 8.677052000
8796 0 8.823677000
8797 0 8.937208000
8798 0 8.953145000
8842 0 8.559155000
8843 0 8.623463000
8844 0 8.666103000
8845 0 8.742588000
8881 0 8.444770000
8882 0 8.472732000
8883 0 8.496076000
8884 0 8.538746000
8885 0 8.602351000
8907 0 8.444860000
8908 0 8.508922000
8909 0 8.578826000
8910 0 8.694828000
8911 0 8.743820000
8951 0 8.430301000
8952 0 8.488076000
8953 0 8.509749000
8954 0 8.606223000
8955 0 8.675993000
8996 0 8.325366000
8997 0 8.415159000
8998 0 8.469151000
8999 0 8.536370000
9000 0 8.695143000
9034 0 8.370792000
9035 0 8.393447000
9036 0 8.529258000
9037 0 8.546933000
9038 0 8.585484000
9082 0 8.174564000
9083 0 8.244576000
9084 0 8.288011000
9085 0 8.317710000
9113 0 8.072506000
9114 0 8.076024000
9115 0 8.098094000
9116 0 8.101689000
9117 0 8.124522000
9149 0 7.824905000
9150 0 7.836967000
9151 0 7.992342000
9152 0 8.035909000
9153 0 8.078041000
9194 0 7.721609000
9195 0 7.770936000
9196 0 7.808107000
9197 0 7.903850000
9198 0 7.933713000
9227 0 7.665538000
9228 0 7.689118000
9229 0 7.725718000
9230 0 7.835342000
9231 0 7.944848000
9281 0 7.496310000
9282 0 7.552480000
9283 0 7.650815000
9284 0 7.693398000
9285 0 7.708666000
9327 0 7.379678000
9328 0 7.397599000
9329 0 7.480645000
9330 0 7.517305000
9350 0 7.353715000
9351 0 7.377493000
9352 0 7.560576000
9353 0 7.622992000
9354 0 7.659986000
9365 0 7.606568000
9366 0 7.671565000
9367 0 7.715394000
9368 0 7.750405000
9369 0 7.833970000
9448 0 7.065643000
9449 0 7.101722000
9450 0 7.144788000
9451 0 7.194417000
9455 0 7.223325000
9486 0 6.965044000
9487 0 7.006736000
9488 0 7.064700000
9489 0 7.107862000
9490 0 7.177722000
9522 0 6.904099000
9523 0 6.967044000
9524 0 7.036953000
9525 0 7.173646000
9596 0 6.497391000
9597 0 6.768578000
9598 0 6.837315000
9599 0 6.934868000
9607 0 6.958846000
9651 0 6.602164000
9652 0 6.689146000
9653 0 6.759045000
9654 0 6.793810000
9655 0 6.818937000
9680 0 6.644076000
9681 0 6.698988000
9682 0 6.878593000
9683 0 6.881815000
9684 0 6.898465000
9708 0 6.687133000
9709 0 6.751624000
9710 0 6.809309000
9711 0 6.864615000
9712 0 6.907900000
9750 0 6.610759000
9751 0 6.635517000
9752 0 6.646704000
9753 0 6.649971000
9754 0 6.664660000
9785 0 6.392444000
9786 0 6.413537000
9787 0 6.424651000
9788 0 6.434465000
9824 0 6.095055000
9825 0 6.104738000
9826 0 6.394032000
9827 0 6.730468000
9828 0 6.778909000
9853 0 6.711854000
9854 0 6.722880000
9855 0 6.785571000
9856 0 6.821325000
9857 0 6.898980000
9876 0 6.831175000
9877 0 7.182225000
9878 0 7.285540000
9879 0 7.480800000
9880 0 7.823965000
9887 0 7.907617000
9888 0 8.189147000
9889 0 8.326668000
9890 0 8.549280000
9891 0 8.579620000
9923 0 8.306212000
9924 0 8.363201000
9925 0 8.421808000
9926 0 8.522186000
9927 0 8.539132000
9949 0 8.362128000
9950 0 8.657858000
9951 0 8.722593000
9952 0 8.771044000
9987 0 8.481791000
9988 0 8.571214000
9989 0 8.701309000
9990 0 8.952540000
9991 0 9.084140000
10019 0 8.932825000
10020 0 9.022703000
10021 0 9.330665000
10022 0 9.627304000
10023 0 9.697405000
10044 0 9.550397000
10045 0 9.666983000
10046 0 9.736879000
10047 0 9.973188000
10048 0 10.130479000
10085 0 9.833321000
10086 0 9.996352000
10087 0 10.032918000
10088 0 10.102826000
10089 0 10.172990000
10111 0 10.101913000
10112 0 10.187159000
10113 0 10.288178000
10114 0 10.378701000
10139 0 10.191024000
10140 0 10.302401000
10141 0 10.316843000
10142 0 10.521876000
10143 0 10.629947000
10168 0 10.389339000
10169 0 10.439252000
10170 0 10.481494000
10171 0 10.531490000
10172 0 10.775275000
10230 0 10.331402000
10231 0 10.341574000
10232 0 10.517670000
10233 0 10.642555000
10234 0 10.772945000
10274 0 10.438080000
10275 0 10.502250000
10276 0 10.565045000
10277 0 10.672792000
10278 0 10.710002000
10305 0 10.477511000
10306 0 10.493073000
10307 0 10.549655000
10308 0 10.754190000
10309 0 10.819539000
10336 0 10.545058000
10337 0 10.546136000
10338 0 10.572362000
10339 0 10.611947000
10369 0 10.333893000
10370 0 10.410927000
10371 0 10.418841000
10372 0 10.528102000
10373 0 10.526776000
10382 0 10.453679000
10383 0 10.456712000
10384 0 10.467217000
10385 0 10.476342000
10386 0 10.499506000
10393 0 10.521376000
10395 0 11.341447000
10396 0 11.331443000
10397 0 11.321440000
10480 0 10.477185000
10481 0 10.620109000
10482 0 10.704679000
10483 0 10.832405000
10484 0 10.930433000
10524 0 10.608531000
10525 0 10.711686000
10526 0 10.827550000
10527 0 10.986037000
10528 0 11.121024000
10579 0 10.708886000
10637 0 10.220595000
10638 0 10.268663000
10639 0 10.338463000
10708 0 9.664625000
10709 0 9.792992000
10710 0 9.809656000
10711 0 9.932875000
10712 0 9.996266000
10738 0 9.767102000
10739 0 9.802276000
10740 0 9.824895000
10741 0 9.847274000
10742 0 9.857323000
10798 0 9.448627000
10799 0 9.505155000
10800 0 9.616225000
10801 0 9.651461000
10802 0 9.689548000
10872 0 9.031449000
10873 0 9.138578000
10874 0 9.173779000
10875 0 9.456865000
10876 0 9.554776000
10922 0 9.171871000
10954 0 8.873384000
10955 0 8.882668000
10956 0 8.985795000
10957 0 9.311179000
11021 0 8.673399000
11022 0 8.750345000
11023 0 8.806539000
11024 0 8.876038000
11025 0 8.926492000
11073 0 8.464665000
11074 0 8.574199000
11075 0 8.618792000
11076 0 8.663547000
11120 0 8.485770000
11121 0 8.549470000
11122 0 8.552136000
11123 0 8.568414000
11124 0 8.585034000
11158 0 8.478926000
11159 0 8.502396000
11160 0 8.532190000
11161 0 8.575258000
11162 0 8.591592000
11215 0 8.126343000
11216 0 8.289147000
11217 0 8.439385000
11218 0 8.483181000
11219 0 8.566377000
11267 0 8.084695000
11268 0 8.148396000
11269 0 8.171967000
11270 0 8.187906000
11271 0 8.224594000
11304 0 8.075764000
11305 0 8.185664000
11306 0 8.242453000
11307 0 8.318625000
11339 0 8.060756000
11340 0 8.237340000
11341 0 8.286518000
11342 0 8.382904000
11343 0 8.426045000
11358 0 8.347491000
11359 0 8.404109000
11360 0 8.420202000
11361 0 8.464737000
11362 0 8.567388000
11379 0 8.453546000
11380 0 8.670904000
11381 0 8.726541000
11382 0 8.790567000
11383 0 8.853685000
11414 0 8.591272000
11415 0 8.681145000
11416 0 8.790682000
11417 0 8.841199000
11418 0 8.905321000
11463 0 8.492959000
11464 0 8.496779000
11465 0 8.525712000
11466 0 8.535578000
11539 0 8.057279000
11540 0 8.132995000
11541 0 8.209558000
11542 0 8.286956000
11543 0 8.481512000
11600 0 7.923751000
11601 0 7.951494000
11602 0 8.061424000
11603 0 8.104675000
11604 0 8.154274000
11639 0 7.858597000
11640 0 7.906853000
11641 0 7.962033000
11642 0 8.093571000
11643 0 8.123376000
11667 0 7.907310000
11668 0 7.936869000
11669 0 7.971646000
11670 0 7.983646000
11671 0 8.021672000
11698 0 7.764611000
11699 0 7.767609000
11700 0 7.776565000
11701 0 7.826354000
11702 0 7.869686000
11732 0 7.797499000
11733 0 7.895529000
11734 0 7.963770000
11735 0 8.067753000
11736 0 8.103343000
11792 0 7.600522000
11793 0 7.876878000
11794 0 7.959568000
11795 0 7.984665000
11842 0 7.518560000
11843 0 7.527784000
11844 0 7.577472000
11845 0 7.760494000
11846 0 7.803623000
11873 0 7.582659000
11874 0 7.625546000
11875 0 7.642795000
11876 0 7.672803000
11877 0 7.675618000
11928 0 7.175687000
11929 0 7.185350000
11930 0 7.216515000
11931 0 7.225157000
11932 0 7.235626000
11961 0 6.975061000
11962 0 7.043731000
11963 0 7.080193000
11964 0 7.109871000
11965 0 7.141437000
11985 0 6.977634000
11986 0 7.034709000
11987 0 7.064627000
11988 0 7.119197000
12030 0 6.746377000
12031 0 6.942707000
12032 0 7.012507000
12033 0 7.068635000
12034 0 7.092211000
12066 0 6.818163000
12067 0 6.849756000
12068 0 6.871520000
12069 0 6.901638000
12070 0 6.931433000
12117 0 6.507153000
12118 0 6.549134000
12119 0 6.593906000
12120 0 6.710073000
12121 0 6.738436000
12148 0 6.490324000
12149 0 6.508156000
12150 0 6.796842000
12151 0 6.839879000
12152 0 6.890117000
12182 0 6.638967000
12183 0 6.708801000
12184 0 6.774542000
12185 0 6.842034000
12186 0 6.857841000
12233 0 6.398249000
12234 0 6.409735000
12235 0 6.525677000
12236 0 6.534681000
12265 0 6.252684000
12266 0 6.262705000
12267 0 6.279251000
12268 0 6.301936000
12269 0 6.325110000
12307 0 5.977567000
12308 0 6.009314000
12309 0 6.024457000
12310 0 6.037768000
12311 0 6.037563000
12348 0 5.748707000
12349 0 5.830745000
12350 0 5.927187000
12351 0 5.931416000
12352 0 6.048307000
12384 0 5.803445000
12385 0 5.818935000
12386 0 5.860458000
12387 0 5.885157000
12388 0 5.929601000
12414 0 5.735155000
12415 0 5.792170000
12416 0 5.822492000
12417 0 5.838829000
12418 0 5.874423000
12429 0 5.796512000
12430 0 5.812356000
12431 0 5.862606000
12432 0 6.091953000
12466 0 5.832594000
12467 0 5.915582000
12468 0 5.979221000
12469 0 6.036264000
12470 0 6.069760000
12507 0 5.741694000
12508 0 5.791596000
12509 0 5.841409000
12510 0 6.118881000
12511 0 6.121455000
12550 0 5.805260000
12551 0 5.833741000
12552 0 5.890816000
12553 0 5.893909000
12554 0 5.903745000
12589 0 5.583784000
12590 0 5.606220000
12591 0 5.607296000
12592 0 5.617740000
12593 0 5.640272000
12602 0 5.576975000
12603 0 5.632062000
12604 0 5.649041000
12605 0 5.692227000
12606 0 5.713719000
12619 0 5.867749000
12620 0 5.988952000
12621 0 6.040827000
12622 0 6.085397000
12638 0 5.988445000
12639 0 6.057971000
12640 0 6.153986000
12641 0 6.198824000
12642 0 6.254374000
12681 0 5.891878000
12682 0 5.934853000
12683 0 6.103346000
12684 0 6.134271000
12685 0 6.190648000
12706 0 6.042247000
12707 0 6.073356000
12708 0 6.108366000
12709 0 6.233011000
12710 0 6.389478000
12726 0 6.279548000
12727 0 6.495742000
12728 0 6.627002000
12729 0 6.636410000
12730 0 6.673277000
12755 0 6.519521000
12756 0 6.568513000
12757 0 6.605902000
12758 0 6.661394000
12803 0 6.259726000
12804 0 6.281289000
12805 0 6.350233000
12806 0 6.406548000
12807 0 6.529606000
12830 0 6.356306000
12831 0 6.412191000
12832 0 6.435091000
12833 0 6.484992000
12834 0 6.561117000
12849 0 6.415801000
12850 0 6.432138000
12851 0 6.461477000
12852 0 6.485135000
12853 0 6.508307000
12865 0 6.432727000
12866 0 6.556176000
12867 0 6.659028000
12868 0 6.722173000
12869 0 6.759841000
12888 0 6.604868000
12889 0 6.628497000
12890 0 6.652340000
12891 0 6.695738000
12892 0 6.738021000
12922 0 6.465750000
12923 0 6.495786000
12924 0 6.519730000
12925 0 6.581906000
12946 0 6.421592000
12947 0 6.445716000
12948 0 6.474780000
12949 0 6.497521000
12950 0 6.508580000
12966 0 6.377553000
12967 0 6.387844000
12968 0 6.591588000
12969 0 6.694717000
12970 0 6.724388000
13016 0 6.276206000
13017 0 6.305360000
13018 0 6.341626000
13019 0 6.358215000
13020 0 6.374956000
13044 0 6.179859000
13045 0 6.170069000
13046 0 6.172245000
13047 0 6.173598000
13048 0 6.350335000
13088 0 5.977029000
13089 0 5.998715000
13090 0 6.023239000
13091 0 6.212518000
13106 0 6.099753000
13107 0 6.196322000
13108 0 6.252821000
13109 0 6.309254000
13110 0 6.359039000
13120 0 6.338874000
13121 0 6.386428000
13122 0 6.453698000
13123 0 6.519105000
13124 0 6.582348000
13164 0 6.241665000
13165 0 6.305727000
13166 0 6.362580000
13167 0 6.411968000
13168 0 6.460736000
13202 0 6.182296000
13203 0 6.244435000
13204 0 6.308144000
13205 0 6.357658000
13206 0 6.420834000
13230 0 6.243958000
13231 0 6.273173000
13232 0 6.363022000
13233 0 6.446864000
13234 0 6.558716000
13269 0 6.229079000
13270 0 6.238851000
13271 0 6.248658000
13272 0 6.258707000
13315 0 5.862639000
13316 0 5.905778000
13317 0 5.907444000
13318 0 6.273978000
13319 0 6.264005000
13363 0 5.885830000
13364 0 5.921818000
13365 0 6.033487000
13366 0 6.070130000
13367 0 6.106455000
13389 0 5.945465000
13390 0 5.970894000
13391 0 6.040343000
13392 0 6.091896000
13393 0 6.148188000
13424 0 5.899522000
13425 0 6.007527000
13426 0 6.045592000
13427 0 6.102513000
13428 0 6.143785000
13449 0 6.026313000
13450 0 6.016247000
13451 0 6.151538000
13452 0 6.207636000
13453 0 6.262878000
13466 0 6.230447000
13467 0 6.294935000
13468 0 6.343099000
13469 0 6.386596000
13505 0 6.081774000
13506 0 6.182561000
13507 0 6.361185000
13508 0 6.417500000
13509 0 6.445337000
13526 0 6.348063000
13527 0 6.577413000
13528 0 6.820587000
13529 0 6.938666000
13530 0 7.124834000
13548 0 7.196215000
13549 0 7.280056000
13550 0 7.447463000
13551 0 7.559877000
13552 0 7.642801000
13562 0 7.765881000
13563 0 7.795623000
13564 0 8.014106000
13603 0 8.553816000
13604 0 8.543843000
13605 0 8.533844000
13606 0 8.523810000
13607 0 8.530564000
13616 0 8.439099000
13617 0 8.429098000
13618 0 8.419062000
13619 0 8.412274000
13644 0 8.157913000
13645 0 8.147908000
13646 0 8.137874000
13647 0 8.131290000
13648 0 8.121282000
13683 0 7.765519000
13684 0 7.755498000
13685 0 7.747343000
13686 0 7.770663000
13687 0 7.813711000
13716 0 7.813791000
13717 0 7.843965000
13718 0 7.858970000
13719 0 7.916658000
13720 0 7.946856000
13750 0 7.672683000
13751 0 7.715805000
13752 0 7.754732000
13753 0 8.002125000
13754 0 8.080716000
13781 0 7.878999000
13782 0 7.933521000
13783 0 7.975347000
13784 0 7.987230000
13785 0 8.003812000
13812 0 7.747268000
13813 0 7.745077000
13814 0 7.761415000
13815 0 7.817615000
13849 0 7.500585000
13850 0 7.550369000
13851 0 7.564931000
13852 0 7.681149000
13853 0 7.724488000
13862 0 7.668053000
13863 0 7.762635000
13864 0 7.825602000
13865 0 7.882343000
13866 0 8.025173000
13913 0 7.562436000
13914 0 7.611067000
13915 0 7.665640000
13916 0 7.716182000
13917 0 7.773566000
13943 0 7.549858000
13944 0 7.627747000
13945 0 7.694250000
13946 0 7.790994000
13947 0 7.834548000
13974 0 7.614927000
13975 0 7.649858000
13976 0 7.719852000
13977 0 7.849284000
14005 0 7.759438000
14006 0 7.816059000
14007 0 7.965508000
14008 0 8.014039000
14009 0 8.043588000
14047 0 7.710423000
14048 0 7.793903000
14049 0 7.871608000
14050 0 8.006106000
14051 0 8.091212000
14081 0 7.830700000
14082 0 7.905842000
14083 0 7.943881000
14084 0 8.002115000
14085 0 8.036397000
14121 0 8.047269000
14122 0 8.037177000
14123 0 8.027064000
14124 0 8.016938000
14125 0 8.007312000
14214 0 7.136741000
14215 0 7.188598000
14216 0 7.205482000
14230 0 7.147134000
14231 0 7.205715000
14291 0 6.709414000
14292 0 6.889714000
14293 0 6.945994000
14294 0 7.063069000
14295 0 7.085537000
14355 0 6.676584000
14356 0 6.725300000
14357 0 6.736838000
14358 0 6.991464000
14377 0 6.839450000
14378 0 6.890117000
14379 0 6.963121000
14380 0 7.054166000
14381 0 7.090160000
14391 0 7.075215000
14392 0 7.185271000
14393 0 7.283154000
14394 0 7.451650000
14395 0 7.528292000
14406 0 7.464280000
14407 0 7.498807000
14408 0 7.568951000
14409 0 7.592455000
14410 0 7.595091000
14454 0 7.195447000
14455 0 7.198782000
14456 0 7.319793000
14457 0 7.356392000
14458 0 7.388197000
14474 0 7.363118000
14475 0 7.468100000
14476 0 7.536598000
14477 0 7.556658000
14525 0 7.119132000
14526 0 7.140808000
14527 0 7.144175000
14528 0 7.194444000
14529 0 7.322992000
14541 0 7.254283000
14542 0 7.344285000
14543 0 7.347528000
14544 0 7.397588000
14545 0 7.426833000
14559 0 7.410748000
14560 0 7.494167000
14561 0 7.523869000
14562 0 7.587505000
14563 0 7.643577000
14587 0 7.711968000
14588 0 7.870669000
14589 0 8.012035000
14590 0 8.537555000
14591 0 8.546446000
14627 0 8.200295000
14628 0 8.203753000
14629 0 8.248204000
14630 0 8.454583000
14631 0 8.501373000
14655 0 8.276505000
14656 0 8.380366000
14657 0 8.510258000
14658 0 8.571815000
14691 0 8.449084000
14692 0 8.593748000
14693 0 8.702187000
14694 0 8.886765000
14695 0 8.943657000
14743 0 8.527838000
14744 0 8.590955000
14745 0 8.725908000
14746 0 8.823857000
14747 0 9.066997000
14776 0 8.883624000
14777 0 8.993747000
14778 0 9.204173000
14779 0 9.272939000
14780 0 9.462983000
14825 0 9.119821000
14826 0 9.209641000
14827 0 9.326135000
14828 0 9.462070000
14829 0 9.632549000
14858 0 9.410583000
14859 0 9.593629000
14860 0 9.776098000
14861 0 9.946579000
14862 0 10.115929000
14886 0 9.993364000
14887 0 10.324944000
14888 0 10.314952000
14889 0 10.468279000
14914 0 10.352616000
14915 0 10.450093000
14916 0 10.566598000
14917 0 10.668324000
14918 0 10.784757000
14976 0 10.361710000
14977 0 10.471704000
14978 0 10.593963000
14979 0 10.677681000
14980 0 10.826890000
15022 0 10.533633000
15023 0 10.623272000
15024 0 10.732593000
15025 0 10.849150000
15026 0 10.925515000
15058 0 10.733509000
15059 0 10.917685000
15060 0 10.993465000
15061 0 11.051416000
15062 0 11.153046000
15110 0 10.740048000
15111 0 10.835698000
15112 0 10.971505000
15113 0 11.094612000
15114 0 11.185993000
15128 0 11.168703000
15129 0 11.253184000
15130 0 11.356338000
15131 0 11.459691000
15170 0 11.167455000
15171 0 11.239264000
15172 0 11.364427000
15173 0 11.458430000
15174 0 11.546847000
15196 0 11.417920000
15197 0 11.473043000
15198 0 11.577550000
15199 0 11.645732000
15200 0 11.723253000
15228 0 11.497677000
15229 0 11.554874000
15230 0 11.690197000
15231 0 11.906645000
15232 0 12.056166000
15263 0 11.921047000
15264 0 12.062231000
15265 0 12.228326000
15266 0 12.351654000
15267 0 12.478555000
15320 0 12.040984000
15321 0 12.191472000
15322 0 12.360697000
15323 0 12.530929000
15324 0 12.666890000
15392 0 12.184431000
15395 0 12.238793000
15401 0 12.317925000
15402 0 12.467038000
15436 0 12.242152000
15438 0 12.374758000
15439 0 12.472698000
15440 0 12.627791000
15441 0 12.724291000
15491 0 12.297965000
15492 0 12.486291000
15493 0 12.669496000
15494 0 12.807901000
15500 0 12.825101000
15551 0 12.434421000
15552 0 12.509414000
15553 0 12.625964000
15554 0 12.763272000
15555 0 12.910860000
15626 0 12.284873000
15627 0 12.434751000
15628 0 12.585077000
15629 0 12.682286000
15630 0 12.770071000
15688 0 12.399059000
15689 0 12.500175000
15690 0 12.581478000
15691 0 12.648604000
15750 0 12.129283000
15751 0 12.177761000
15752 0 12.315772000
15753 0 12.551930000
15754 0 12.642355000
15835 0 11.944478000
15836 0 12.027523000
15837 0 12.123350000
15838 0 12.173197000
15839 0 12.276967000
15885 0 11.909231000
15886 0 11.997555000
15887 0 12.134280000
15907 0 12.072186000
15908 0 12.148789000
15972 0 11.609383000
15973 0 11.673967000
15974 0 11.797328000
15975 0 11.865053000
15976 0 11.992169000
16032 0 11.500563000
16033 0 11.559572000
16034 0 11.599790000
16035 0 11.710151000
16036 0 11.833239000
16087 0 11.426134000
16088 0 11.549159000
16089 0 11.647375000
16090 0 11.922257000
16134 0 11.590682000
16135 0 11.706086000
16136 0 11.829552000
16137 0 11.898997000
16138 0 12.002166000
16194 0 11.519188000
16195 0 11.749085000
16196 0 11.768442000
16197 0 11.767536000
16198 0 11.803644000
16242 0 11.424591000
16243 0 11.474388000
16245 0 12.383217000
16246 0 12.373194000
16292 0 11.905305000
16293 0 11.895179000
16294 0 12.050133000
16295 0 12.179842000
16296 0 12.396126000
16327 0 12.223557000
16328 0 12.344245000
16329 0 12.586422000
16330 0 12.776901000
16331 0 12.973853000
16405 0 12.380861000
16406 0 12.576745000
16407 0 12.580014000
16408 0 12.623721000
16474 0 12.025906000
16475 0 12.129977000
16476 0 12.260567000
16477 0 12.689742000
16478 0 12.812093000
16524 0 12.583757000
16525 0 12.781030000
16526 0 13.050846000
16556 0 12.917923000
16557 0 13.141931000
16620 0 12.746654000
16621 0 13.085569000
16622 0 13.228182000
16624 0 13.926614000
16671 0 13.448508000
16672 0 13.438383000
16673 0 13.499305000
16674 0 13.572830000
16687 0 13.539209000
16743 0 13.043232000
16744 0 13.099555000
16745 0 13.162979000
16746 0 13.248007000
16747 0 13.335747000
16803 0 12.845559000
16804 0 12.882495000
16805 0 12.931791000
16806 0 13.001412000
16867 0 12.468526000
16868 0 12.541835000
16869 0 12.600892000
16870 0 12.676523000
16871 0 12.707905000
16915 0 12.292511000
16916 0 12.362338000
16917 0 12.494426000
16918 0 12.561911000
16919 0 12.645863000
16966 0 12.254695000
16967 0 12.323548000
16968 0 12.466655000
16984 0 12.311481000
16985 0 12.367315000
17028 0 12.010212000
17029 0 12.146728000
17030 0 12.296521000
17031 0 12.359856000
17032 0 12.450317000
17083 0 12.023217000
17084 0 12.093533000
17085 0 12.170046000
17086 0 12.225227000
17134 0 11.793958000
17135 0 11.874544000
17181 0 11.498405000
17182 0 11.562978000
17183 0 11.599382000
17184 0 11.709719000
17251 0 11.203499000
17252 0 11.249622000
17253 0 11.287557000
17254 0 11.443752000
17255 0 11.587279000
17310 0 11.164670000
17311 0 11.181308000
17312 0 11.211739000
17313 0 11.293959000
17315 0 11.354683000
17335 0 11.224387000
17336 0 11.274294000
17337 0 11.363408000
17338 0 11.393394000
17339 0 11.397003000
17408 0 10.727054000
17409 0 10.910414000
17410 0 10.940847000
17411 0 11.003998000
17497 0 10.174572000
17498 0 10.210844000
17499 0 10.267393000
17500 0 10.310738000
17501 0 10.327247000
17555 0 9.811758000
17556 0 9.829769000
17557 0 9.844214000
17591 0 9.512006000
17592 0 9.521811000
17633 0 9.117897000
17634 0 9.155015000
17635 0 9.223990000
17636 0 9.327084000
17637 0 9.458859000
17703 0 8.859946000
17704 0 8.955594000
17705 0 8.998694000
17745 0 8.639202000
17746 0 8.688249000
17801 0 8.416354000
17802 0 8.506246000
17854 0 8.115817000
17855 0 8.206517000
17856 0 8.262162000
17921 0 7.681040000
17922 0 7.831286000
17923 0 7.867817000
17948 0 7.646466000
17949 0 7.662831000
17950 0 7.792630000
17951 0 7.829289000
17968 0 7.750886000
17994 0 7.525254000
17995 0 7.587852000
17996 0 7.631040000
17997 0 7.681918000
17998 0 7.737375000
18033 0 7.515586000
18034 0 7.597959000
18035 0 7.634343000
18036 0 7.663994000
18037 0 7.692271000
18066 0 7.439502000
18067 0 7.522092000
18068 0 7.571576000
18069 0 7.634906000
18070 0 7.698085000
18095 0 7.483408000
18096 0 7.533464000
18097 0 7.563407000
18098 0 7.873078000
18099 0 7.870184000
18142 0 7.891786000
18143 0 7.881907000
18144 0 8.027496000
18145 0 8.224367000
18179 0 8.081068000
18180 0 8.226992000
18181 0 8.350869000
18182 0 10.947596000
18183 0 11.004099000
18234 0 10.544776000
18235 0 10.575147000
18236 0 10.646654000
18237 0 10.763180000
18538 0 8.756356000
18539 0 8.746351000
18540 0 8.736286000
18541 0 8.726191000
18542 0 8.718510000
18568 0 8.454156000
18569 0 8.650600000
18570 0 8.736416000
18571 0 8.797547000
18636 0 8.195255000
18637 0 8.251893000
18638 0 8.328692000
18639 0 8.391409000
18640 0 8.614463000
18671 0 8.405836000
18672 0 8.495564000
18673 0 8.639487000
18674 0 8.721924000
18675 0 8.820352000
18707 0 8.673188000
18708 0 8.786383000
18709 0 8.892468000
18710 0 8.989155000
18711 0 9.052638000
18745 0 8.785640000
18746 0 9.029472000
18747 0 9.219208000
18748 0 9.369053000
18749 0 9.445782000
18767 0 9.449284000
18768 0 9.519296000
18769 0 9.654804000
18770 0 9.791805000
18799 0 9.657390000
18800 0 9.713390000
18801 0 9.829672000
18802 0 9.952943000
18803 0 10.024883000
18842 0 9.715675000
18843 0 9.809128000
18844 0 9.952328000
18845 0 10.022005000
18846 0 10.165351000
18931 0 9.440423000
18932 0 9.516604000
18933 0 9.628366000
18934 0 9.722862000
18956 0 9.665658000
19030 0 9.479730000
19031 0 9.515789000
19240 0 7.444259000
19241 0 7.531731000
19242 0 7.661619000
19272 0 7.443901000
19273 0 7.499698000
19274 0 7.723369000
19275 0 7.799029000
19276 0 7.875676000
19277 0 7.999983000
19278 0 8.097132000
19279 0 8.185001000
19280 0 8.268196000
19281 0 8.332094000
19284 0 9.093209000
19285 0 9.083241000
19286 0 9.073242000
19287 0 9.063209000
19288 0 9.056046000
19289 0 9.046074000
19290 0 9.036045000
19291 0 9.038210000
19292 0 9.081398000
19293 0 9.122667000
19294 0 9.158989000
19295 0 9.235473000
19296 0 9.284368000
19297 0 9.301919000
19298 0 9.345261000
19299 0 9.394847000
19300 0 9.458180000
19301 0 9.548597000
19302 0 9.587418000
19303 0 9.642296000
19304 0 9.671265000
19305 0 9.715739000
19306 0 9.759481000
19307 0 9.813995000
19308 0 9.869942000
19309 0 9.940474000
19310 0 9.949524000
19311 0 10.053006000
19312 0 10.076301000
19313 0 10.099165000
19349 0 9.914669000
19350 0 9.931370000
19351 0 9.945671000
19352 0 10.004273000
19353 0 10.018811000
19405 0 9.536286000
19406 0 9.568276000
19407 0 9.585342000
19408 0 9.619227000
19409 0 9.636354000
19458 0 9.164044000
19459 0 9.173949000
19460 0 9.197384000
19461 0 9.221806000
19513 0 8.697968000
19514 0 8.709178000
19515 0 8.856615000
19516 0 8.915396000
19517 0 8.936275000
19567 0 8.488012000
19568 0 8.517761000
19569 0 8.527386000
19570 0 8.550079000
19571 0 8.787235000
19619 0 8.338159000
19620 0 8.363281000
19621 0 8.371469000
19644 0 8.179486000
19645 0 8.213645000
19706 0 7.606543000
19707 0 7.622938000
19708 0 7.632745000
19709 0 7.675548000
19710 0 7.739218000
19762 0 7.229903000
19763 0 7.253043000
19764 0 7.289608000
19765 0 7.319274000
19766 0 7.328595000
19816 0 6.847134000
19817 0 6.863751000
19818 0 6.866595000
19819 0 6.869778000
19914 0 5.940433000
19915 0 5.932842000
19916 0 5.942276000
19917 0 5.945276000
19918 0 5.955510000
19932 0 5.839464000
19933 0 5.842320000
19963 0 5.564428000
19964 0 5.580571000
19965 0 5.604075000
20018 0 5.077076000
20019 0 5.107329000
20020 0 5.144416000
20021 0 5.140301000
20022 0 5.155356000
20065 0 4.753514000
20066 0 4.755794000
20067 0 4.778612000
20068 0 4.822885000
20069 0 4.838228000
20117 0 4.523557000
20118 0 4.552133000
20119 0 4.670914000
20120 0 4.666190000
20121 0 4.683205000
20144 0 4.475301000
20145 0 4.485695000
20146 0 4.501422000
20147 0 4.524835000
20172 0 4.304533000
20173 0 4.314124000
20174 0 4.329728000
20175 0 4.366479000
20176 0 4.502622000
20199 0 4.369236000
20200 0 4.412516000
20201 0 4.455267000
20202 0 4.511302000
20203 0 4.575455000
20228 0 4.355986000
20229 0 4.365089000
20230 0 4.406781000
20231 0 4.423492000
20232 0 4.426552000
20255 0 4.226007000
20256 0 4.281827000
20257 0 4.293766000
20258 0 4.296149000
20259 0 4.305067000
20292 0 4.075663000
20293 0 4.076798000
20294 0 4.066744000
20295 0 4.072286000
20296 0 4.094874000
20310 0 3.989199000
20311 0 4.002817000
20312 0 4.012283000
20313 0 4.030207000
20326 0 3.923128000
20327 0 3.979501000
20328 0 3.982875000
20329 0 4.006436000
20330 0 4.018865000
20337 0 3.984679000
20338 0 3.993931000
20339 0 4.164289000
20340 0 4.246903000
20341 0 4.296472000
20372 0 3.988695000
20373 0 3.991483000
20374 0 4.010272000
20375 0 4.064265000
20376 0 4.107670000
20407 0 3.799265000
20408 0 3.808755000
20409 0 3.825490000
20410 0 3.834621000
20411 0 3.845339000
20422 0 3.747073000
20423 0 3.750070000
20424 0 3.761133000
20425 0 3.771175000
20441 0 3.639954000
20442 0 3.656566000
20443 0 3.661365000
20444 0 3.662902000
20445 0 3.793418000
20456 0 3.740419000
20457 0 3.757910000
20458 0 3.760825000
20459 0 3.784027000
20460 0 3.799965000
20466 0 3.752440000
20467 0 3.775091000
20468 0 3.786657000
20469 0 3.795086000
20470 0 3.804833000
20475 0 3.767186000
20476 0 3.780526000
20477 0 3.793500000
20478 0 3.796649000
20479 0 3.819359000
20486 0 3.781824000
20487 0 3.813317000
20488 0 3.875491000
20489 0 3.934093000
20490 0 3.935411000
20499 0 3.875865000
20500 0 3.927754000
20501 0 3.942135000
20502 0 3.952336000
20503 0 3.969709000
20529 0 3.731300000
20530 0 3.801130000
20531 0 3.824647000
20532 0 3.854132000
20551 0 3.826896000
20552 0 3.850369000
20553 0 3.859697000
20554 0 3.885777000
20555 0 3.902324000
20564 0 3.835144000
20565 0 3.850837000
20566 0 3.868029000
20567 0 3.877896000
20568 0 3.893680000
20600 0 3.601818000
